# Bird-inspired airfoil generated from AVONET morphological data
# Airfoil ID      : 00958
# Species         : Lamprolaima_rhami
# Flight Category : diving
# 
# === Morphological Measurements ===
# Wing Length      : 78.00 mm
# Secondary1       : 30.30 mm
# Kipps Distance   : 47.50 mm
# Hand-Wing Index  : 61.00
# Tail Length      : 46.80 mm
# 
# === Derived Indices ===
# Aspect Ratio     : 2.574
# Pointedness Index: 0.6090
# Efficiency Index : 0.3715
# Wing Loading Proxy: 0.0550
# 
# === Airfoil Geometry (chord-normalised) ===
# Max t/c          : 0.1410  at x/c = 0.2466
# Max f/c          : 0.0480  at x/c = 0.3216
# Est. Reynolds    : 1.79e+04
# 
# Coordinates: x/c  y/c,  TE→upper→LE→lower→TE (clockwise)
# Total points: 599
# X/C    Y/C
1.00000000  0.00000000
0.99939145  0.00008659
0.99866435  0.00019911
0.99781163  0.00033736
0.99682699  0.00050115
0.99570485  0.00069028
0.99444032  0.00090452
0.99302920  0.00114364
0.99146788  0.00140739
0.98975338  0.00169552
0.98788327  0.00200776
0.98585565  0.00234382
0.98366914  0.00270343
0.98132285  0.00308627
0.97881631  0.00349205
0.97614952  0.00392045
0.97332284  0.00437113
0.97033703  0.00484378
0.96719322  0.00533804
0.96389283  0.00585358
0.96043763  0.00639004
0.95682965  0.00694705
0.95307122  0.00752425
0.94916489  0.00812128
0.94511346  0.00873775
0.94091994  0.00937328
0.93658752  0.01002748
0.93211960  0.01069998
0.92751971  0.01139036
0.92279156  0.01209824
0.91793896  0.01282321
0.91296587  0.01356487
0.90787634  0.01432281
0.90267452  0.01509662
0.89736463  0.01588589
0.89195097  0.01669021
0.88643789  0.01750917
0.88082979  0.01834234
0.87513112  0.01918931
0.86934632  0.02004965
0.86347990  0.02092296
0.85753633  0.02180881
0.85152011  0.02270678
0.84543571  0.02361645
0.83928762  0.02453740
0.83308028  0.02546920
0.82681809  0.02641145
0.82050546  0.02736372
0.81414670  0.02832560
0.80774613  0.02929666
0.80130797  0.03027649
0.79483642  0.03126467
0.78833560  0.03226080
0.78180955  0.03326446
0.77526228  0.03427524
0.76869768  0.03529274
0.76211959  0.03631654
0.75553178  0.03734625
0.74893789  0.03838145
0.74234153  0.03942176
0.73574618  0.04046678
0.72915525  0.04151610
0.72257205  0.04256935
0.71599980  0.04362613
0.70944162  0.04468605
0.70290052  0.04574874
0.69637944  0.04681380
0.68988120  0.04788088
0.68340852  0.04894958
0.67696402  0.05001955
0.67055024  0.05109041
0.66416958  0.05216181
0.65782438  0.05323337
0.65151683  0.05430475
0.64524906  0.05537560
0.63902309  0.05644555
0.63284081  0.05751428
0.62670405  0.05858143
0.62061451  0.05964667
0.61457381  0.06070966
0.60858346  0.06177008
0.60264487  0.06282759
0.59675937  0.06388189
0.59092818  0.06493264
0.58515242  0.06597953
0.57943314  0.06702226
0.57377128  0.06806052
0.56816769  0.06909401
0.56262314  0.07012242
0.55713831  0.07114547
0.55171379  0.07216287
0.54635009  0.07317433
0.54104763  0.07417957
0.53580677  0.07517832
0.53062776  0.07617029
0.52551080  0.07715524
0.52045601  0.07813288
0.51546342  0.07910296
0.51053300  0.08006523
0.50566465  0.08101943
0.50085821  0.08196532
0.49611344  0.08290266
0.49143005  0.08383121
0.48680767  0.08475072
0.48224589  0.08566099
0.47774424  0.08656177
0.47330217  0.08745285
0.46891912  0.08833401
0.46459443  0.08920504
0.46032744  0.09006573
0.45611739  0.09091587
0.45196352  0.09175527
0.44786500  0.09258373
0.44382097  0.09340106
0.43983053  0.09420707
0.43589274  0.09500158
0.43200663  0.09578441
0.42817119  0.09655539
0.42438537  0.09731433
0.42064812  0.09806109
0.41695833  0.09879548
0.41331490  0.09951736
0.40971667  0.10022658
0.40616247  0.10092297
0.40265114  0.10160639
0.39918146  0.10227671
0.39575222  0.10293378
0.39236218  0.10357746
0.38901011  0.10420763
0.38569475  0.10482416
0.38241483  0.10542692
0.37916910  0.10601580
0.37595627  0.10659068
0.37277507  0.10715145
0.36962422  0.10769800
0.36650244  0.10823022
0.36340845  0.10874802
0.36034098  0.10925129
0.35729876  0.10973995
0.35428053  0.11021390
0.35128503  0.11067306
0.34831102  0.11111734
0.34535725  0.11154667
0.34242252  0.11196097
0.33950559  0.11236016
0.33660529  0.11274418
0.33372043  0.11311297
0.33084985  0.11346645
0.32799241  0.11380457
0.32514698  0.11412727
0.32231246  0.11443451
0.31948778  0.11472623
0.31667186  0.11500238
0.31386369  0.11526293
0.31106224  0.11550782
0.30826656  0.11573704
0.30547567  0.11595053
0.30268865  0.11614827
0.29990461  0.11633024
0.29712268  0.11649640
0.29434203  0.11664674
0.29156185  0.11678123
0.28878137  0.11689986
0.28599986  0.11700261
0.28321660  0.11708948
0.28043094  0.11716045
0.27764223  0.11721552
0.27484988  0.11725468
0.27205332  0.11727794
0.26925203  0.11728529
0.26644553  0.11727674
0.26363335  0.11725230
0.26081509  0.11721197
0.25799037  0.11715577
0.25515886  0.11708370
0.25232026  0.11699579
0.24947430  0.11689205
0.24662079  0.11677251
0.24375952  0.11663717
0.24089037  0.11648608
0.23801323  0.11631925
0.23512804  0.11613670
0.23223479  0.11593848
0.22933349  0.11572462
0.22642419  0.11549513
0.22350701  0.11525007
0.22058206  0.11498947
0.21764953  0.11471336
0.21470964  0.11442178
0.21176263  0.11411478
0.20880879  0.11379241
0.20584846  0.11345469
0.20288199  0.11310168
0.19990979  0.11273343
0.19693230  0.11234998
0.19394998  0.11195139
0.19096336  0.11153769
0.18797296  0.11110896
0.18497936  0.11066522
0.18198318  0.11020655
0.17898505  0.10973299
0.17598565  0.10924460
0.17298567  0.10874143
0.16998585  0.10822355
0.16698694  0.10769100
0.16398974  0.10714385
0.16099506  0.10658215
0.15800373  0.10600597
0.15501663  0.10541535
0.15203462  0.10481037
0.14905863  0.10419108
0.14608958  0.10355754
0.14312842  0.10290982
0.14017611  0.10224797
0.13723363  0.10157205
0.13430199  0.10088213
0.13138218  0.10017826
0.12847524  0.09946051
0.12558221  0.09872893
0.12270411  0.09798360
0.11984200  0.09722456
0.11699694  0.09645189
0.11416999  0.09566563
0.11136221  0.09486586
0.10857467  0.09405262
0.10580843  0.09322599
0.10306455  0.09238602
0.10034409  0.09153276
0.09764810  0.09066628
0.09497762  0.08978664
0.09233369  0.08889390
0.08971733  0.08798810
0.08712954  0.08706932
0.08457133  0.08613760
0.08204366  0.08519300
0.07954749  0.08423559
0.07708377  0.08326541
0.07465341  0.08228253
0.07225729  0.08128699
0.06989628  0.08027886
0.06757121  0.07925819
0.06528290  0.07822503
0.06303211  0.07717944
0.06081958  0.07612148
0.05864601  0.07505121
0.05651209  0.07396867
0.05441843  0.07287393
0.05236561  0.07176704
0.05035420  0.07064806
0.04838469  0.06951704
0.04645754  0.06837406
0.04457316  0.06721916
0.04273191  0.06605241
0.04093412  0.06487387
0.03918003  0.06368361
0.03746988  0.06248170
0.03580381  0.06126819
0.03418194  0.06004316
0.03260432  0.05880669
0.03107094  0.05755885
0.02958176  0.05629972
0.02813666  0.05502937
0.02673547  0.05374791
0.02537797  0.05245541
0.02406387  0.05115197
0.02279285  0.04983770
0.02156452  0.04851268
0.02037841  0.04717705
0.01923405  0.04583090
0.01813086  0.04447436
0.01706826  0.04310757
0.01604558  0.04173066
0.01506212  0.04034377
0.01411712  0.03894706
0.01320981  0.03754069
0.01233933  0.03612483
0.01150481  0.03469967
0.01070533  0.03326541
0.00993997  0.03182224
0.00920773  0.03037039
0.00850763  0.02891010
0.00783865  0.02744160
0.00719975  0.02596516
0.00658988  0.02448107
0.00600801  0.02298961
0.00545309  0.02149110
0.00492408  0.01998587
0.00441996  0.01847428
0.00393973  0.01695670
0.00348243  0.01543352
0.00304714  0.01390518
0.00263298  0.01237210
0.00223913  0.01083477
0.00186485  0.00929368
0.00150947  0.00774937
0.00117242  0.00620237
0.00085323  0.00465330
0.00055155  0.00310277
0.00026717  0.00155144
0.00000000  0.00000000
0.00026717  -0.00100726
0.00055155  -0.00196258
0.00085323  -0.00286868
0.00117242  -0.00372818
0.00150947  -0.00454354
0.00186485  -0.00531715
0.00223913  -0.00605127
0.00263298  -0.00674806
0.00304714  -0.00740958
0.00348243  -0.00803779
0.00393973  -0.00863457
0.00441996  -0.00920168
0.00492408  -0.00974085
0.00545309  -0.01025368
0.00600801  -0.01074170
0.00658988  -0.01120639
0.00719975  -0.01164913
0.00783865  -0.01207125
0.00850763  -0.01247400
0.00920773  -0.01285858
0.00993997  -0.01322611
0.01070533  -0.01357767
0.01150481  -0.01391427
0.01233933  -0.01423689
0.01320981  -0.01454642
0.01411712  -0.01484373
0.01506212  -0.01512965
0.01604558  -0.01540492
0.01706826  -0.01567029
0.01813086  -0.01592644
0.01923405  -0.01617400
0.02037841  -0.01641359
0.02156452  -0.01664577
0.02279285  -0.01687108
0.02406387  -0.01709002
0.02537797  -0.01730306
0.02673547  -0.01751064
0.02813666  -0.01771315
0.02958176  -0.01791099
0.03107094  -0.01810450
0.03260432  -0.01829401
0.03418194  -0.01847983
0.03580381  -0.01866222
0.03746988  -0.01884145
0.03918003  -0.01901775
0.04093412  -0.01919134
0.04273191  -0.01936239
0.04457316  -0.01953110
0.04645754  -0.01969761
0.04838469  -0.01986207
0.05035420  -0.02002459
0.05236561  -0.02018529
0.05441843  -0.02034425
0.05651209  -0.02050155
0.05864601  -0.02065725
0.06081958  -0.02081140
0.06303211  -0.02096405
0.06528290  -0.02111521
0.06757121  -0.02126491
0.06989628  -0.02141313
0.07225729  -0.02155989
0.07465341  -0.02170516
0.07708377  -0.02184891
0.07954749  -0.02199112
0.08204366  -0.02213174
0.08457133  -0.02227072
0.08712954  -0.02240800
0.08971733  -0.02254353
0.09233369  -0.02267722
0.09497762  -0.02280900
0.09764810  -0.02293879
0.10034409  -0.02306651
0.10306455  -0.02319205
0.10580843  -0.02331533
0.10857467  -0.02343623
0.11136221  -0.02355467
0.11416999  -0.02367051
0.11699694  -0.02378367
0.11984200  -0.02389401
0.12270411  -0.02400142
0.12558221  -0.02410578
0.12847524  -0.02420697
0.13138218  -0.02430487
0.13430199  -0.02439934
0.13723363  -0.02449027
0.14017611  -0.02457752
0.14312842  -0.02466097
0.14608958  -0.02474049
0.14905863  -0.02481595
0.15203462  -0.02488722
0.15501663  -0.02495417
0.15800373  -0.02501667
0.16099506  -0.02507460
0.16398974  -0.02512784
0.16698694  -0.02517624
0.16998585  -0.02521970
0.17298567  -0.02525809
0.17598565  -0.02529129
0.17898505  -0.02531918
0.18198318  -0.02534165
0.18497936  -0.02535858
0.18797296  -0.02536986
0.19096336  -0.02537539
0.19394998  -0.02537505
0.19693230  -0.02536875
0.19990979  -0.02535639
0.20288199  -0.02533787
0.20584846  -0.02531311
0.20880879  -0.02528201
0.21176263  -0.02524449
0.21470964  -0.02520048
0.21764953  -0.02514989
0.22058206  -0.02509265
0.22350701  -0.02502871
0.22642419  -0.02495799
0.22933349  -0.02488045
0.23223479  -0.02479602
0.23512804  -0.02470467
0.23801323  -0.02460635
0.24089037  -0.02450102
0.24375952  -0.02438865
0.24662079  -0.02426923
0.24947430  -0.02414272
0.25232026  -0.02400911
0.25515886  -0.02386839
0.25799037  -0.02372057
0.26081509  -0.02356564
0.26363335  -0.02340361
0.26644553  -0.02323450
0.26925203  -0.02305832
0.27205332  -0.02287511
0.27484988  -0.02268489
0.27764223  -0.02248771
0.28043094  -0.02228360
0.28321660  -0.02207262
0.28599986  -0.02185483
0.28878137  -0.02163029
0.29156185  -0.02139906
0.29434203  -0.02116123
0.29712268  -0.02091688
0.29990461  -0.02066609
0.30268865  -0.02040895
0.30547567  -0.02014557
0.30826656  -0.01987605
0.31106224  -0.01960050
0.31386369  -0.01931905
0.31667186  -0.01903181
0.31948778  -0.01873891
0.32231246  -0.01844049
0.32514698  -0.01813669
0.32799241  -0.01782766
0.33084985  -0.01751354
0.33372043  -0.01719450
0.33660529  -0.01687069
0.33950559  -0.01654229
0.34242252  -0.01620947
0.34535725  -0.01587240
0.34831102  -0.01553126
0.35128503  -0.01518625
0.35428053  -0.01483756
0.35729876  -0.01448537
0.36034098  -0.01412990
0.36340845  -0.01377135
0.36650244  -0.01340992
0.36962422  -0.01304582
0.37277507  -0.01267928
0.37595627  -0.01231051
0.37916910  -0.01193974
0.38241483  -0.01156718
0.38569475  -0.01119308
0.38901011  -0.01081765
0.39236218  -0.01044114
0.39575222  -0.01006378
0.39918146  -0.00968580
0.40265114  -0.00930745
0.40616247  -0.00892898
0.40971667  -0.00855061
0.41331490  -0.00817260
0.41695833  -0.00779519
0.42064812  -0.00741864
0.42438537  -0.00704317
0.42817119  -0.00666905
0.43200663  -0.00629652
0.43589274  -0.00592583
0.43983053  -0.00555722
0.44382097  -0.00519093
0.44786500  -0.00482722
0.45196352  -0.00446633
0.45611739  -0.00410850
0.46032744  -0.00375397
0.46459443  -0.00340298
0.46891912  -0.00305577
0.47330217  -0.00271257
0.47774424  -0.00237361
0.48224589  -0.00203912
0.48680767  -0.00170933
0.49143005  -0.00138446
0.49611344  -0.00106473
0.50085821  -0.00075036
0.50566465  -0.00044154
0.51053300  -0.00013850
0.51546342  0.00015856
0.52045601  0.00044946
0.52551080  0.00073400
0.53062776  0.00101199
0.53580677  0.00128325
0.54104763  0.00154761
0.54635009  0.00180489
0.55171379  0.00205494
0.55713831  0.00229760
0.56262314  0.00253272
0.56816769  0.00276016
0.57377128  0.00297978
0.57943314  0.00319145
0.58515242  0.00339506
0.59092818  0.00359049
0.59675937  0.00377764
0.60264487  0.00395640
0.60858346  0.00412670
0.61457381  0.00428845
0.62061451  0.00444158
0.62670405  0.00458604
0.63284081  0.00472175
0.63902309  0.00484870
0.64524906  0.00496682
0.65151683  0.00507612
0.65782438  0.00517656
0.66416958  0.00526814
0.67055024  0.00535086
0.67696402  0.00542475
0.68340852  0.00548981
0.68988120  0.00554609
0.69637944  0.00559364
0.70290052  0.00563249
0.70944162  0.00566273
0.71599980  0.00568441
0.72257205  0.00569764
0.72915525  0.00570250
0.73574618  0.00569910
0.74234153  0.00568756
0.74893789  0.00566800
0.75553178  0.00564057
0.76211959  0.00560540
0.76869768  0.00556266
0.77526228  0.00551252
0.78180955  0.00545515
0.78833560  0.00539075
0.79483642  0.00531952
0.80130797  0.00524166
0.80774613  0.00515739
0.81414670  0.00506696
0.82050546  0.00497058
0.82681809  0.00486853
0.83308028  0.00476105
0.83928762  0.00464841
0.84543571  0.00453089
0.85152011  0.00440879
0.85753633  0.00428239
0.86347990  0.00415201
0.86934632  0.00401795
0.87513112  0.00388054
0.88082979  0.00374011
0.88643789  0.00359700
0.89195097  0.00345156
0.89736463  0.00330414
0.90267452  0.00315510
0.90787634  0.00300482
0.91296587  0.00285366
0.91793896  0.00270201
0.92279156  0.00255027
0.92751971  0.00239881
0.93211960  0.00224805
0.93658752  0.00209839
0.94091994  0.00195025
0.94511346  0.00180402
0.94916489  0.00166015
0.95307122  0.00151904
0.95682965  0.00138113
0.96043763  0.00124685
0.96389283  0.00111664
0.96719322  0.00099092
0.97033703  0.00087014
0.97332284  0.00075474
0.97614952  0.00064515
0.97881631  0.00054183
0.98132285  0.00044522
0.98366914  0.00035576
0.98585565  0.00027389
0.98788327  0.00020006
0.98975338  0.00013470
0.99146788  0.00007827
0.99302920  0.00003120
0.99444032  -0.00000608
0.99570485  -0.00003313
0.99682699  -0.00004952
0.99781163  -0.00005483
0.99866435  -0.00004862
0.99939145  -0.00003048
1.00000000  0.00000000
