# Bird-inspired airfoil generated from AVONET morphological data
# Airfoil ID      : 10320
# Species         : Forpus_spengeli
# Flight Category : diving
# 
# === Morphological Measurements ===
# Wing Length      : 80.10 mm
# Secondary1       : 54.40 mm
# Kipps Distance   : 26.60 mm
# Hand-Wing Index  : 32.90
# Tail Length      : 40.50 mm
# 
# === Derived Indices ===
# Aspect Ratio     : 1.472
# Pointedness Index: 0.3321
# Efficiency Index : 0.1093
# Wing Loading Proxy: 0.0364
# 
# === Airfoil Geometry (chord-normalised) ===
# Max t/c          : 0.1777  at x/c = 0.2630
# Max f/c          : 0.0565  at x/c = 0.3417
# Est. Reynolds    : 1.50e+04
# 
# Coordinates: x/c  y/c,  TE→upper→LE→lower→TE (clockwise)
# Total points: 599
# X/C    Y/C
1.00000000  0.00000000
0.99939158  0.00008960
0.99866541  0.00021109
0.99781515  0.00036425
0.99683517  0.00054881
0.99572051  0.00076452
0.99446684  0.00101109
0.99307045  0.00128824
0.99152820  0.00159565
0.98983751  0.00193302
0.98799632  0.00230000
0.98600304  0.00269625
0.98385657  0.00312143
0.98155626  0.00357516
0.97910184  0.00405707
0.97649347  0.00456678
0.97373165  0.00510389
0.97081726  0.00566800
0.96775147  0.00625869
0.96453578  0.00687555
0.96117196  0.00751816
0.95766206  0.00818606
0.95400836  0.00887883
0.95021338  0.00959602
0.94627985  0.01033718
0.94221070  0.01110183
0.93800903  0.01188953
0.93367810  0.01269980
0.92922134  0.01353216
0.92464229  0.01438614
0.91994463  0.01526125
0.91513215  0.01615702
0.91020871  0.01707294
0.90517829  0.01800854
0.90004491  0.01896330
0.89481268  0.01993675
0.88948575  0.02092836
0.88406830  0.02193766
0.87856455  0.02296412
0.87297875  0.02400725
0.86731517  0.02506655
0.86157806  0.02614150
0.85577169  0.02723160
0.84990032  0.02833634
0.84396819  0.02945521
0.83797950  0.03058771
0.83193846  0.03173333
0.82584921  0.03289156
0.81971586  0.03406190
0.81354250  0.03524384
0.80733312  0.03643688
0.80109169  0.03764052
0.79482213  0.03885425
0.78852826  0.04007757
0.78221386  0.04130998
0.77588263  0.04255100
0.76953820  0.04380012
0.76318412  0.04505686
0.75682387  0.04632072
0.75046083  0.04759122
0.74409831  0.04886787
0.73773954  0.05015019
0.73138763  0.05143771
0.72504564  0.05272994
0.71871652  0.05402642
0.71240312  0.05532668
0.70610821  0.05663024
0.69983447  0.05793666
0.69358447  0.05924546
0.68736068  0.06055620
0.68116550  0.06186842
0.67500122  0.06318167
0.66887002  0.06449552
0.66277400  0.06580952
0.65671516  0.06712324
0.65069541  0.06843624
0.64471655  0.06974811
0.63878029  0.07105841
0.63288826  0.07236673
0.62704197  0.07367265
0.62124287  0.07497577
0.61549227  0.07627568
0.60979145  0.07757198
0.60414154  0.07886428
0.59854362  0.08015219
0.59299867  0.08143531
0.58750758  0.08271327
0.58207116  0.08398569
0.57669013  0.08525220
0.57136514  0.08651244
0.56609674  0.08776604
0.56088541  0.08901264
0.55573155  0.09025190
0.55063549  0.09148347
0.54559748  0.09270701
0.54061771  0.09392217
0.53569626  0.09512864
0.53083319  0.09632608
0.52602845  0.09751417
0.52128196  0.09869260
0.51659355  0.09986106
0.51196299  0.10101924
0.50739001  0.10216684
0.50287426  0.10330356
0.49841533  0.10442912
0.49401279  0.10554324
0.48966611  0.10664562
0.48537475  0.10773601
0.48113809  0.10881412
0.47695548  0.10987970
0.47282623  0.11093249
0.46874958  0.11197223
0.46472476  0.11299868
0.46075095  0.11401159
0.45682727  0.11501072
0.45295285  0.11599585
0.44912674  0.11696675
0.44534799  0.11792319
0.44161561  0.11886495
0.43792857  0.11979183
0.43428584  0.12070362
0.43068634  0.12160011
0.42712899  0.12248112
0.42361267  0.12334644
0.42013624  0.12419589
0.41669857  0.12502930
0.41329849  0.12584648
0.40993481  0.12664726
0.40660637  0.12743148
0.40331195  0.12819897
0.40005035  0.12894958
0.39682035  0.12968316
0.39362074  0.13039956
0.39045030  0.13109864
0.38730780  0.13178026
0.38419201  0.13244429
0.38110172  0.13309060
0.37803570  0.13371907
0.37499273  0.13432958
0.37197161  0.13492202
0.36897114  0.13549628
0.36599010  0.13605226
0.36302733  0.13658985
0.36008165  0.13710896
0.35715189  0.13760951
0.35423691  0.13809140
0.35133557  0.13855455
0.34844676  0.13899889
0.34556938  0.13942435
0.34270234  0.13983085
0.33984459  0.14021833
0.33699508  0.14058674
0.33415280  0.14093601
0.33131675  0.14126610
0.32848596  0.14157696
0.32565949  0.14186855
0.32283640  0.14214082
0.32001582  0.14239375
0.31719687  0.14262730
0.31437871  0.14284144
0.31156053  0.14303615
0.30874157  0.14321142
0.30592106  0.14336722
0.30309830  0.14350354
0.30027259  0.14362038
0.29744329  0.14371773
0.29460979  0.14379559
0.29177149  0.14385397
0.28892784  0.14389286
0.28607834  0.14391228
0.28322250  0.14391224
0.28035988  0.14389276
0.27749008  0.14385385
0.27461272  0.14379553
0.27172748  0.14371784
0.26883404  0.14362080
0.26593217  0.14350443
0.26302163  0.14336879
0.26010224  0.14321389
0.25717386  0.14303979
0.25423639  0.14284651
0.25128975  0.14263412
0.24833390  0.14240265
0.24536887  0.14215215
0.24239470  0.14188268
0.23941146  0.14159429
0.23641928  0.14128704
0.23341832  0.14096098
0.23040877  0.14061617
0.22739087  0.14025269
0.22436489  0.13987058
0.22133113  0.13946992
0.21828994  0.13905078
0.21524169  0.13861323
0.21218679  0.13815732
0.20912570  0.13768315
0.20605890  0.13719078
0.20298689  0.13668028
0.19991024  0.13615173
0.19682951  0.13560521
0.19374533  0.13504080
0.19065833  0.13445857
0.18756919  0.13385861
0.18447860  0.13324099
0.18138731  0.13260579
0.17829606  0.13195309
0.17520563  0.13128299
0.17211684  0.13059554
0.16903053  0.12989085
0.16594754  0.12916898
0.16286875  0.12843003
0.15979507  0.12767407
0.15672742  0.12690118
0.15366672  0.12611144
0.15061394  0.12530493
0.14757005  0.12448174
0.14453604  0.12364193
0.14151290  0.12278559
0.13850164  0.12191280
0.13550329  0.12102362
0.13251887  0.12011814
0.12954943  0.11919643
0.12659601  0.11825855
0.12365965  0.11730458
0.12074142  0.11633458
0.11784235  0.11534863
0.11496351  0.11434679
0.11210595  0.11332912
0.10927070  0.11229568
0.10645882  0.11124654
0.10367133  0.11018174
0.10090926  0.10910135
0.09817363  0.10800542
0.09546544  0.10689399
0.09278567  0.10576712
0.09013531  0.10462485
0.08751530  0.10346722
0.08492658  0.10229428
0.08237007  0.10110606
0.07984665  0.09990259
0.07735720  0.09868391
0.07490255  0.09745005
0.07248352  0.09620104
0.07010090  0.09493689
0.06775543  0.09365763
0.06544783  0.09236327
0.06317879  0.09105384
0.06094896  0.08972934
0.05875894  0.08838978
0.05660931  0.08703517
0.05450061  0.08566552
0.05243331  0.08428082
0.05040786  0.08288108
0.04842467  0.08146628
0.04648409  0.08003643
0.04458643  0.07859152
0.04273195  0.07713153
0.04092087  0.07565645
0.03915334  0.07416626
0.03742948  0.07266096
0.03574936  0.07114052
0.03411297  0.06960492
0.03252029  0.06805415
0.03097123  0.06648817
0.02946562  0.06490698
0.02800329  0.06331053
0.02658399  0.06169883
0.02520741  0.06007183
0.02387321  0.05842952
0.02258100  0.05677188
0.02133032  0.05509889
0.02012069  0.05341053
0.01895157  0.05170678
0.01782237  0.04998764
0.01673248  0.04825308
0.01568123  0.04650312
0.01466792  0.04473774
0.01369181  0.04295695
0.01275215  0.04116075
0.01184813  0.03934917
0.01097894  0.03752222
0.01014375  0.03567994
0.00934170  0.03382236
0.00857193  0.03194953
0.00783357  0.03006151
0.00712576  0.02815836
0.00644763  0.02624017
0.00579834  0.02430703
0.00517706  0.02235904
0.00458299  0.02039634
0.00401537  0.01841906
0.00347346  0.01642735
0.00295662  0.01442139
0.00246422  0.01240138
0.00199574  0.01036753
0.00155074  0.00832009
0.00112884  0.00625931
0.00072982  0.00418549
0.00035354  0.00209893
0.00000000  0.00000000
0.00035354  -0.00131825
0.00072982  -0.00256974
0.00112884  -0.00375796
0.00155074  -0.00488622
0.00199574  -0.00595773
0.00246422  -0.00697551
0.00295662  -0.00794247
0.00347346  -0.00886139
0.00401537  -0.00973490
0.00458299  -0.01056553
0.00517706  -0.01135570
0.00579834  -0.01210768
0.00644763  -0.01282367
0.00712576  -0.01350576
0.00783357  -0.01415592
0.00857193  -0.01477604
0.00934170  -0.01536792
0.01014375  -0.01593327
0.01097894  -0.01647370
0.01184813  -0.01699077
0.01275215  -0.01748592
0.01369181  -0.01796056
0.01466792  -0.01841600
0.01568123  -0.01885349
0.01673248  -0.01927420
0.01782237  -0.01967925
0.01895157  -0.02006971
0.02012069  -0.02044657
0.02133032  -0.02081076
0.02258100  -0.02116319
0.02387321  -0.02150468
0.02520741  -0.02183603
0.02658399  -0.02215796
0.02800329  -0.02247119
0.02946562  -0.02277634
0.03097123  -0.02307404
0.03252029  -0.02336486
0.03411297  -0.02364931
0.03574936  -0.02392790
0.03742948  -0.02420108
0.03915334  -0.02446928
0.04092087  -0.02473289
0.04273195  -0.02499226
0.04458643  -0.02524773
0.04648409  -0.02549960
0.04842467  -0.02574814
0.05040786  -0.02599361
0.05243331  -0.02623623
0.05450061  -0.02647620
0.05660931  -0.02671369
0.05875894  -0.02694887
0.06094896  -0.02718186
0.06317879  -0.02741278
0.06544783  -0.02764173
0.06775543  -0.02786878
0.07010090  -0.02809401
0.07248352  -0.02831744
0.07490255  -0.02853912
0.07735720  -0.02875904
0.07984665  -0.02897723
0.08237007  -0.02919365
0.08492658  -0.02940828
0.08751530  -0.02962110
0.09013531  -0.02983203
0.09278567  -0.03004103
0.09546544  -0.03024803
0.09817363  -0.03045293
0.10090926  -0.03065566
0.10367133  -0.03085612
0.10645882  -0.03105419
0.10927070  -0.03124977
0.11210595  -0.03144273
0.11496351  -0.03163294
0.11784235  -0.03182028
0.12074142  -0.03200460
0.12365965  -0.03218577
0.12659601  -0.03236362
0.12954943  -0.03253800
0.13251887  -0.03270877
0.13550329  -0.03287576
0.13850164  -0.03303880
0.14151290  -0.03319774
0.14453604  -0.03335239
0.14757005  -0.03350260
0.15061394  -0.03364818
0.15366672  -0.03378898
0.15672742  -0.03392480
0.15979507  -0.03405548
0.16286875  -0.03418084
0.16594754  -0.03430071
0.16903053  -0.03441491
0.17211684  -0.03452327
0.17520563  -0.03462562
0.17829606  -0.03472178
0.18138731  -0.03481159
0.18447860  -0.03489488
0.18756919  -0.03497149
0.19065833  -0.03504124
0.19374533  -0.03510398
0.19682951  -0.03515956
0.19991024  -0.03520781
0.20298689  -0.03524860
0.20605890  -0.03528176
0.20912570  -0.03530716
0.21218679  -0.03532466
0.21524169  -0.03533412
0.21828994  -0.03533542
0.22133113  -0.03532843
0.22436489  -0.03531303
0.22739087  -0.03528910
0.23040877  -0.03525653
0.23341832  -0.03521523
0.23641928  -0.03516509
0.23941146  -0.03510602
0.24239470  -0.03503794
0.24536887  -0.03496075
0.24833390  -0.03487440
0.25128975  -0.03477882
0.25423639  -0.03467393
0.25717386  -0.03455970
0.26010224  -0.03443607
0.26302163  -0.03430300
0.26593217  -0.03416047
0.26883404  -0.03400844
0.27172748  -0.03384689
0.27461272  -0.03367583
0.27749008  -0.03349524
0.28035988  -0.03330513
0.28322250  -0.03310552
0.28607834  -0.03289641
0.28892784  -0.03267785
0.29177149  -0.03244986
0.29460979  -0.03221249
0.29744329  -0.03196579
0.30027259  -0.03170983
0.30309830  -0.03144466
0.30592106  -0.03117036
0.30874157  -0.03088703
0.31156053  -0.03059473
0.31437871  -0.03029359
0.31719687  -0.02998370
0.32001582  -0.02966518
0.32283640  -0.02933814
0.32565949  -0.02900273
0.32848596  -0.02865908
0.33131675  -0.02830733
0.33415280  -0.02794764
0.33699508  -0.02758016
0.33984459  -0.02720508
0.34270234  -0.02682255
0.34556938  -0.02643277
0.34844676  -0.02603592
0.35133557  -0.02563220
0.35423691  -0.02522181
0.35715189  -0.02480497
0.36008165  -0.02438188
0.36302733  -0.02395278
0.36599010  -0.02351788
0.36897114  -0.02307744
0.37197161  -0.02263168
0.37499273  -0.02218085
0.37803570  -0.02172521
0.38110172  -0.02126502
0.38419201  -0.02080053
0.38730780  -0.02033201
0.39045030  -0.01985975
0.39362074  -0.01938400
0.39682035  -0.01890506
0.40005035  -0.01842321
0.40331195  -0.01793874
0.40660637  -0.01745195
0.40993481  -0.01696312
0.41329849  -0.01647255
0.41669857  -0.01598056
0.42013624  -0.01548744
0.42361267  -0.01499350
0.42712899  -0.01449904
0.43068634  -0.01400439
0.43428584  -0.01350985
0.43792857  -0.01301573
0.44161561  -0.01252234
0.44534799  -0.01203001
0.44912674  -0.01153905
0.45295285  -0.01104977
0.45682727  -0.01056248
0.46075095  -0.01007751
0.46472476  -0.00959516
0.46874958  -0.00911574
0.47282623  -0.00863957
0.47695548  -0.00816695
0.48113809  -0.00769819
0.48537475  -0.00723360
0.48966611  -0.00677347
0.49401279  -0.00631811
0.49841533  -0.00586780
0.50287426  -0.00542284
0.50739001  -0.00498351
0.51196299  -0.00455011
0.51659355  -0.00412290
0.52128196  -0.00370215
0.52602845  -0.00328815
0.53083319  -0.00288114
0.53569626  -0.00248139
0.54061771  -0.00208915
0.54559748  -0.00170465
0.55063549  -0.00132814
0.55573155  -0.00095985
0.56088541  -0.00059999
0.56609674  -0.00024879
0.57136514  0.00009355
0.57669013  0.00042683
0.58207116  0.00075086
0.58750758  0.00106546
0.59299867  0.00137045
0.59854362  0.00166568
0.60414154  0.00195098
0.60979145  0.00222621
0.61549227  0.00249124
0.62124287  0.00274595
0.62704197  0.00299021
0.63288826  0.00322393
0.63878029  0.00344701
0.64471655  0.00365937
0.65069541  0.00386094
0.65671516  0.00405166
0.66277400  0.00423149
0.66887002  0.00440038
0.67500122  0.00455831
0.68116550  0.00470528
0.68736068  0.00484127
0.69358447  0.00496630
0.69983447  0.00508040
0.70610821  0.00518361
0.71240312  0.00527596
0.71871652  0.00535753
0.72504564  0.00542839
0.73138763  0.00548862
0.73773954  0.00553833
0.74409831  0.00557762
0.75046083  0.00560663
0.75682387  0.00562549
0.76318412  0.00563436
0.76953820  0.00563339
0.77588263  0.00562277
0.78221386  0.00560268
0.78852826  0.00557333
0.79482213  0.00553493
0.80109169  0.00548771
0.80733312  0.00543191
0.81354250  0.00536778
0.81971586  0.00529559
0.82584921  0.00521561
0.83193846  0.00512813
0.83797950  0.00503346
0.84396819  0.00493190
0.84990032  0.00482378
0.85577169  0.00470943
0.86157806  0.00458921
0.86731517  0.00446346
0.87297875  0.00433256
0.87856455  0.00419688
0.88406830  0.00405682
0.88948575  0.00391276
0.89481268  0.00376512
0.90004491  0.00361431
0.90517829  0.00346076
0.91020871  0.00330491
0.91513215  0.00314719
0.91994463  0.00298806
0.92464229  0.00282798
0.92922134  0.00266740
0.93367810  0.00250681
0.93800903  0.00234668
0.94221070  0.00218749
0.94627985  0.00202974
0.95021338  0.00187392
0.95400836  0.00172053
0.95766206  0.00157007
0.96117196  0.00142306
0.96453578  0.00128000
0.96775147  0.00114140
0.97081726  0.00100780
0.97373165  0.00087969
0.97649347  0.00075761
0.97910184  0.00064206
0.98155626  0.00053358
0.98385657  0.00043268
0.98600304  0.00033989
0.98799632  0.00025571
0.98983751  0.00018067
0.99152820  0.00011529
0.99307045  0.00006006
0.99446684  0.00001550
0.99572051  -0.00001788
0.99683517  -0.00003960
0.99781515  -0.00004915
0.99866541  -0.00004606
0.99939158  -0.00002983
1.00000000  0.00000000
